5,36.95714793979829,-122.05827957688588,42.898101806640625,0.53008943796157837,0.37305599451065063,0,1749256885385552,0.74067133665084839,-0.037738446146249771,-0.036366861313581467,-0.66982030868530273,0.99982494115829468,-8.0578752559290479e-09,-1.593254861376181e-09,0.018713932484388351
6,36.957154188041393,-122.05828131659548,42.751998901367188,0.55026465654373169,0.38194826245307922,0,1749256887376149,0.74111247062683105,-0.044799044728279114,-0.028897123411297798,-0.66926109790802002,0.99982494115829468,-8.0578752559290479e-09,-1.593254861376181e-09,0.018713932484388351
7,36.957154628779811,-122.05827973372311,42.530807495117188,0.56105995178222656,0.38864374160766602,0,1749256889379103,0.81270033121109009,-0.051250707358121872,-0.02313479408621788,-0.57996231317520142,0.99982494115829468,-8.0578752559290479e-09,-1.593254861376181e-09,0.018713932484388351
8,36.957157647482532,-122.05828242868998,42.705226898193359,0.57532632350921631,0.39487800002098083,0,1749256891382096,0.82164794206619263,-0.052009213715791702,-0.018810218200087547,-0.5673058032989502,0.99982494115829468,-8.0578752559290479e-09,-1.593254861376181e-09,0.018713932484388351
9,36.957154493827154,-122.05828184821675,43.0677490234375,0.58803009986877441,0.39998915791511536,0,1749256893385521,0.73529446125030518,-0.055753529071807861,-0.023872565478086472,-0.67502874135971069,0.99982494115829468,-8.0578752559290479e-09,-1.593254861376181e-09,0.018713932484388351
10,36.957154275822624,-122.05828321962386,43.533199310302734,0.5944097638130188,0.40334278345108032,0,1749256895377646,0.72636950016021729,-0.042397201061248779,-0.025284666568040848,-0.68552941083908081,0.99982494115829468,-8.0578752559290479e-09,-1.593254861376181e-09,0.018713932484388351
11,36.957162171996409,-122.05828104316635,43.617095947265625,0.60430806875228882,0.40735539793968201,0,1749256897379758,0.64886629581451416,-0.04434257373213768,-0.027509095147252083,-0.75911104679107666,0.99982494115829468,-8.0578752559290479e-09,-1.593254861376181e-09,0.018713932484388351
12,36.957163141262932,-122.05827836604678,44.035087585449219,0.59871113300323486,0.4080640971660614,0,1749256899382884,0.061056550592184067,-0.032677792012691498,-0.042373467236757278,-0.99669897556304932,0.99982494115829468,-8.0578752559290479e-09,-1.593254861376181e-09,0.018713932484388351
13,36.957162670009339,-122.05827391028807,44.980388641357422,0.6044536828994751,0.40995582938194275,0,1749256901384634,-0.52092146873474121,0.028675051406025887,-0.057683885097503662,-0.85117042064666748,0.99982494115829468,-8.0578752559290479e-09,-1.593254861376181e-09,0.018713932484388351
14,36.95716425723576,-122.05826086909914,45.800048828125,0.61360985040664673,0.41240382194519043,0,1749256903375594,-0.57779091596603394,-0.060449440032243729,0.011877247132360935,-0.81385654211044312,0.99982494115829468,-8.0578752559290479e-09,-1.593254861376181e-09,0.018713932484388351
15,36.957152413420374,-122.05819961720479,47.614933013916016,0.62277650833129883,0.41158378124237061,0,1749256905378862,-0.58944940567016602,-0.030186109244823456,-0.0061410479247570038,-0.80721789598464966,0.99982494115829468,-8.0578752559290479e-09,-1.593254861376181e-09,0.018713932484388351
16,36.957130767693393,-122.05810923003081,49.568931579589844,0.6170240044593811,0.41111338138580322,0,1749256907381391,0.61098438501358032,0.015522348694503307,0.016039041802287102,0.79132801294326782,-0.99931168556213379,2.7161479732029647e-09,-2.7766093868564212e-09,0.037097945809364319
17,36.9571116799709,-122.05801637011515,51.369121551513672,0.61947435140609741,0.41145956516265869,0,1749256909384230,0.62634265422821045,0.0043755336664617062,0.021706743165850639,0.77923345565795898,-0.99931168556213379,2.7161479732029647e-09,-2.7766093868564212e-09,0.037097945809364319
18,36.957091596501904,-122.05792905031214,53.068553924560547,0.61929416656494141,0.41091218590736389,0,1749256911375209,0.63039231300354004,-0.0013683298602700233,0.033014111220836639,0.7755732536315918,-0.99931168556213379,2.7161479732029647e-09,-2.7766093868564212e-09,0.037097945809364319
19,36.957069665562884,-122.05784772712431,54.527244567871094,0.62392210960388184,0.41171553730964661,0,1749256913378640,0.63054686784744263,0.0003605913370847702,0.027291936799883842,0.77567118406295776,-0.99931168556213379,2.7161479732029647e-09,-2.7766093868564212e-09,0.037097945809364319
20,36.957056961117161,-122.0577736971546,55.916069030761719,0.62879902124404907,0.41312035918235779,0,1749256915381857,0.74629974365234375,-0.06255214661359787,-0.04984075203537941,0.66078734397888184,-0.99931168556213379,2.7161479732029647e-09,-2.7766093868564212e-09,0.037097945809364319
21,36.957089455578561,-122.05774019615822,56.891334533691406,0.67186224460601807,0.41775590181350708,0,1749256917384949,0.93302243947982788,-0.20988999307155609,0.047565631568431854,-0.28836265206336975,-0.99931168556213379,2.7161479732029647e-09,-2.7766093868564212e-09,0.037097945809364319
22,36.957091603069571,-122.05778742132009,58.167255401611328,0.66930049657821655,0.4203239381313324,0,1749256919375345,0.69009828567504883,-0.053059373050928116,-0.046771083027124405,-0.72025108337402344,-0.99931168556213379,2.7161479732029647e-09,-2.7766093868564212e-09,0.037097945809364319
23,36.957083801350208,-122.05785392195148,58.82598876953125,0.6564408540725708,0.42179232835769653,0,1749256921378953,0.68832767009735107,-0.056258697062730789,-0.032249990850687027,-0.72249561548233032,-0.99931168556213379,2.7161479732029647e-09,-2.7766093868564212e-09,0.037097945809364319
24,36.957079151380832,-122.05792016535119,58.345748901367188,0.64531689882278442,0.4218963086605072,0,1749256923381677,0.69353777170181274,-0.05834643542766571,-0.03768632560968399,-0.7170640230178833,-0.99931168556213379,2.7161479732029647e-09,-2.7766093868564212e-09,0.037097945809364319
25,36.95708219119372,-122.05798599122947,56.259708404541016,0.63908785581588745,0.42057934403419495,0,1749256925373542,0.68837714195251465,-0.068732544779777527,-0.041640207171440125,-0.72088754177093506,-0.99931168556213379,2.7161479732029647e-09,-2.7766093868564212e-09,0.037097945809364319
26,36.957077059526306,-122.05805324006397,55.414848327636719,0.64201605319976807,0.41799068450927734,0,1749256927378596,0.6905442476272583,-0.045069865882396698,-0.02678690105676651,-0.72138744592666626,-0.99931168556213379,2.7161479732029647e-09,-2.7766093868564212e-09,0.037097945809364319
27,36.957070589854624,-122.0581129761231,54.891624450683594,0.64243793487548828,0.41839909553527832,0,1749256929382071,0.69095450639724731,-0.063834384083747864,-0.035036191344261169,-0.71922147274017334,-0.99931168556213379,2.7161479732029647e-09,-2.7766093868564212e-09,0.037097945809364319
28,36.957072702147308,-122.05817200485886,53.6461181640625,0.63541746139526367,0.41640567779541016,0,1749256931362057,0.68618375062942505,-0.060090962797403336,-0.034538265317678452,-0.72411882877349854,-0.99931168556213379,2.7161479732029647e-09,-2.7766093868564212e-09,0.037097945809364319
29,36.95706169136372,-122.05823493896725,52.941631317138672,0.63009190559387207,0.4153711199760437,0,1749256933365362,0.68429499864578247,-0.05391988530755043,-0.042756166309118271,-0.72595113515853882,-0.99931168556213379,2.7161479732029647e-09,-2.7766093868564212e-09,0.037097945809364319
30,36.957038178136038,-122.05830310560766,52.579139709472656,0.63738554716110229,0.41656550765037537,0,1749256935368735,0.68307977914810181,-0.04106602817773819,-0.035369910299777985,-0.72833001613616943,-0.99931168556213379,2.7161479732029647e-09,-2.7766093868564212e-09,0.037097945809364319
31,36.957026880697633,-122.05836535504409,51.947113037109375,0.63040542602539062,0.41533473134040833,0,1749256937360795,0.6848035454750061,-0.0517132468521595,-0.022241141647100449,-0.72655022144317627,-0.99931168556213379,2.7161479732029647e-09,-2.7766093868564212e-09,0.037097945809364319
32,36.957044854450729,-122.05840785433271,50.863994598388672,0.63247627019882202,0.41553524136543274,0,1749256939363916,0.98692977428436279,0.11107536405324936,-0.015079358592629433,-0.11577833443880081,-0.99931168556213379,2.7161479732029647e-09,-2.7766093868564212e-09,0.037097945809364319
33,36.957086665401476,-122.05837820187715,49.534347534179688,0.64433997869491577,0.41825556755065918,0,1749256941366701,0.77107101678848267,0.063827916979789734,0.068213179707527161,0.62985920906066895,-0.99931168556213379,2.7161479732029647e-09,-2.7766093868564212e-09,0.037097945809364319
34,36.957086084223739,-122.05831016143422,48.858428955078125,0.63021248579025269,0.41886797547340393,0,1749256943369755,0.60140252113342285,0.010441411286592484,0.013565343804657459,0.79876279830932617,-0.99931168556213379,2.7161479732029647e-09,-2.7766093868564212e-09,0.037097945809364319
35,36.957078741635719,-122.05822909516725,48.590923309326172,0.63164293766021729,0.42078882455825806,0,1749256945372204,0.59890234470367432,0.011770831421017647,0.0073652109131217003,0.8007017970085144,-0.99931168556213379,2.7161479732029647e-09,-2.7766093868564212e-09,0.037097945809364319
36,36.957052428691881,-122.05814511061402,48.697856903076172,0.65238535404205322,0.42218533158302307,0,1749256947387144,0.59949839115142822,0.024803616106510162,0.016407975926995277,0.79982328414916992,-0.99931168556213379,2.7161479732029647e-09,-2.7766093868564212e-09,0.037097945809364319
37,36.957041469356348,-122.05804704263549,48.697834014892578,0.63577032089233398,0.41928759217262268,0,1749256949367110,0.61547476053237915,-0.012761529535055161,-0.017505783587694168,0.78785878419876099,-0.99931168556213379,2.7161479732029647e-09,-2.7766093868564212e-09,0.037097945809364319
38,36.957037832284307,-122.05794602961075,48.344608306884766,0.62667328119277954,0.41603103280067444,0,1749256951357858,0.66227680444717407,0.018259292468428612,0.015605900436639786,0.74887418746948242,-0.99931168556213379,2.7161479732029647e-09,-2.7766093868564212e-09,0.037097945809364319
39,36.957028325423138,-122.0578418495662,48.244503021240234,0.61847931146621704,0.41340735554695129,0,1749256953372240,0.66415411233901978,0.0012777210213243961,0.0085096349939703941,0.74754619598388672,-0.99931168556213379,2.7161479732029647e-09,-2.7766093868564212e-09,0.037097945809364319
40,36.95705404105891,-122.05776812371039,47.675434112548828,0.62229418754577637,0.41132327914237976,0,1749256955363293,0.97479075193405151,-0.20721045136451721,0.0008306081872433424,-0.082742229104042053,-0.99931168556213379,2.7161479732029647e-09,-2.7766093868564212e-09,0.037097945809364319
41,36.957085475951757,-122.05779018064065,47.128807067871094,0.63630968332290649,0.41364786028862,0,1749256957363978,0.74683570861816406,-0.10240761190652847,-0.062380712479352951,-0.65410846471786499,-0.99931168556213379,2.7161479732029647e-09,-2.7766093868564212e-09,0.037097945809364319
42,36.957084637820159,-122.05785916910541,47.109222412109375,0.64953505992889404,0.41841349005699158,0,1749256959368872,0.62847858667373657,-0.070035949349403381,-0.05726126953959465,-0.77254831790924072,-0.99931168556213379,2.7161479732029647e-09,-2.7766093868564212e-09,0.037097945809364319
43,36.957078811651435,-122.05793375858917,47.083911895751953,0.66236811876296997,0.42309808731079102,0,1749256961372149,0.69893747568130493,-0.047549828886985779,-0.077098779380321503,-0.70942318439483643,-0.99931168556213379,2.7161479732029647e-09,-2.7766093868564212e-09,0.037097945809364319
44,36.957085158515881,-122.05799992073314,46.823219299316406,0.66487818956375122,0.42495819926261902,0,1749256963364181,0.70763939619064331,-0.086539193987846375,-0.062052182853221893,-0.69850343465805054,-0.99931168556213379,2.7161479732029647e-09,-2.7766093868564212e-09,0.037097945809364319
45,36.95708694465565,-122.05807448969009,46.0897216796875,0.67388111352920532,0.42672577500343323,0,1749256965366911,0.70671415328979492,-0.083496324717998505,-0.063909731805324554,-0.69964206218719482,-0.99931168556213379,2.7161479732029647e-09,-2.7766093868564212e-09,0.037097945809364319
46,36.957080987755766,-122.05816939316242,45.226066589355469,0.68279063701629639,0.42789304256439209,0,1749256967370473,0.70768213272094727,-0.079653806984424591,-0.057634137570858002,-0.69965684413909912,-0.99931168556213379,2.7161479732029647e-09,-2.7766093868564212e-09,0.037097945809364319
47,36.957076382613657,-122.05825347966879,44.787322998046875,0.68361538648605347,0.42771077156066895,0,1749256969362222,0.70720356702804565,0.047399502247571945,0.083883434534072876,-0.70041412115097046,-0.99931168556213379,2.7161479732029647e-09,-2.7766093868564212e-09,0.037097945809364319
48,36.957072145198978,-122.05827152172483,44.718044281005859,0.68597638607025146,0.42490282654762268,0,1749256971364782,0.70892238616943359,-0.041114181280136108,-0.034322135150432587,-0.70325011014938354,-0.99931168556213379,2.7161479732029647e-09,-2.7766093868564212e-09,0.037097945809364319
49,36.95707040086694,-122.05829701530338,44.523540496826172,0.6709323525428772,0.42279723286628723,0,1749256973368279,0.70032435655593872,-0.11168861389160156,-0.098477378487586975,-0.69812160730361938,-0.99931168556213379,2.7161479732029647e-09,-2.7766093868564212e-09,0.037097945809364319
50,36.957072642758057,-122.05838403271382,43.903244018554688,0.66788065433502197,0.4226050078868866,0,1749256975371082,0.8429638147354126,0.035627629607915878,-0.14389115571975708,-0.51714426279067993,-0.99931168556213379,2.7161479732029647e-09,-2.7766093868564212e-09,0.037097945809364319
51,36.957134002409987,-122.05843862254393,43.495010375976562,0.66698336601257324,0.42281308770179749,0,1749256977361798,0.96341449022293091,0.18320097029209137,0.051073215901851654,0.18884263932704926,-0.99931168556213379,2.7161479732029647e-09,-2.7766093868564212e-09,0.037097945809364319
52,36.957177771612734,-122.05837149714532,42.388626098632812,0.67058765888214111,0.4257584810256958,0,1749256979364915,0.76026594638824463,0.083346940577030182,0.096481062471866608,0.63697761297225952,-0.99931168556213379,2.7161479732029647e-09,-2.7766093868564212e-09,0.037097945809364319
53,36.957192527224983,-122.05827583983003,42.108455657958984,0.64947390556335449,0.42572417855262756,0,1749256981367336,0.74097615480422974,-0.025067141279578209,0.015383916907012463,0.6708870530128479,-0.99931168556213379,2.7161479732029647e-09,-2.7766093868564212e-09,0.037097945809364319
54,36.957206455304217,-122.05819452706569,42.205036163330078,0.62800967693328857,0.42266049981117249,0,1749256983370445,0.73206448554992676,0.059211887419223785,0.019137784838676453,0.67838728427886963,-0.99931168556213379,2.7161479732029647e-09,-2.7766093868564212e-09,0.037097945809364319
55,36.957204609286606,-122.05810143916059,42.327056884765625,0.61123114824295044,0.4183843731880188,0,1749256985373023,0.66520518064498901,0.015390923246741295,0.009297921322286129,0.74644410610198975,-0.99931168556213379,2.7161479732029647e-09,-2.7766093868564212e-09,0.037097945809364319
56,36.957191707107718,-122.05800412433639,42.434310913085938,0.60306739807128906,0.41430625319480896,0,1749256987365123,0.66446584463119507,0.0081400247290730476,0.016151335090398788,0.74709981679916382,-0.99931168556213379,2.7161479732029647e-09,-2.7766093868564212e-09,0.037097945809364319
57,36.957177660885009,-122.05790100055462,42.493648529052734,0.59511250257492065,0.41067695617675781,0,1749256989367407,0.66272735595703125,0.0130366375669837,0.013033050112426281,0.74863386154174805,-0.99931168556213379,2.7161479732029647e-09,-2.7766093868564212e-09,0.037097945809364319
58,36.957168113285462,-122.05779757463721,42.512710571289062,0.59630751609802246,0.40667405724525452,0,1749256991373417,0.72526103258132935,-0.090452171862125397,-0.085027299821376801,0.67718923091888428,-0.99931168556213379,2.7161479732029647e-09,-2.7766093868564212e-09,0.037097945809364319
59,36.957208903743584,-122.0577385443961,42.371479034423828,0.62315529584884644,0.40941011905670166,0,1749256993364812,0.95529431104660034,-0.21528121829032898,0.010934161022305489,-0.20235417783260345,-0.99931168556213379,2.7161479732029647e-09,-2.7766093868564212e-09,0.037097945809364319
60,36.957240264205709,-122.05778326993143,42.417201995849609,0.6282198429107666,0.41299441456794739,0,1749256995369733,0.80120754241943359,-0.10324317216873169,-0.032015439122915268,-0.58854258060455322,-0.99931168556213379,2.7161479732029647e-09,-2.7766093868564212e-09,0.037097945809364319
61,36.95724103452779,-122.05786712624686,42.664688110351562,0.63665103912353516,0.41786211729049683,0,1749256997373553,0.69445037841796875,-0.089682161808013916,-0.028381643816828728,-0.71336549520492554,-0.99931168556213379,2.7161479732029647e-09,-2.7766093868564212e-09,0.037097945809364319
62,36.957236408839819,-122.05794735674111,42.679065704345703,0.63478118181228638,0.41967552900314331,0,1749256999364229,0.58761650323867798,-0.066925995051860809,-0.03787681832909584,-0.80547702312469482,-0.99931168556213379,2.7161479732029647e-09,-2.7766093868564212e-09,0.037097945809364319
63,36.957219583574371,-122.05802537534166,42.711959838867188,0.6428598165512085,0.4220702052116394,0,1749257001366770,0.51511192321777344,-0.06756214052438736,-0.03133692592382431,-0.85388123989105225,-0.99931168556213379,2.7161479732029647e-09,-2.7766093868564212e-09,0.037097945809364319
64,36.957194630842487,-122.05809945771307,42.711254119873047,0.65561908483505249,0.42323550581932068,0,1749257003358397,0.58432978391647339,-0.088647656142711639,-0.011378095485270023,-0.80657976865768433,-0.99931168556213379,2.7161479732029647e-09,-2.7766093868564212e-09,0.037097945809364319
65,36.957174273471487,-122.05817041510208,42.870819091796875,0.67139756679534912,0.42543858289718628,0,1749257005373365,0.60261863470077515,-0.0444515161216259,-0.061009932309389114,-0.79445123672485352,-0.99931168556213379,2.7161479732029647e-09,-2.7766093868564212e-09,0.037097945809364319
66,36.957158492670203,-122.05824701655459,43.003368377685547,0.68421751260757446,0.42640465497970581,0,1749257007364736,0.67925912141799927,-0.040134292095899582,-0.058264344930648804,-0.73048043251037598,-0.99931168556213379,2.7161479732029647e-09,-2.7766093868564212e-09,0.037097945809364319
67,36.957166914984668,-122.05832112516947,43.203868865966797,0.67560893297195435,0.42578166723251343,0,1749257009367264,0.95255672931671143,0.18947668373584747,-0.051234852522611618,-0.23261433839797974,-0.99931168556213379,2.7161479732029647e-09,-2.7766093868564212e-09,0.037097945809364319
68,36.957196322204709,-122.05828670973561,43.15020751953125,0.67498993873596191,0.42678910493850708,0,1749257011358693,0.73939341306686401,0.0034001579042524099,0.021044967696070671,0.6729360818862915,-0.99931168556213379,2.7161479732029647e-09,-2.7766093868564212e-09,0.037097945809364319
69,36.957204261120843,-122.05821480133116,43.390476226806641,0.65026313066482544,0.42263409495353699,0,1749257013373250,0.74152684211730957,0.022738264873623848,0.031118854880332947,0.66981536149978638,-0.99931168556213379,2.7161479732029647e-09,-2.7766093868564212e-09,0.037097945809364319
70,36.957196767695216,-122.05814330307251,44.086948394775391,0.63165748119354248,0.42027780413627625,0,1749257015364253,0.71576404571533203,0.0036204282660037279,0.017968699336051941,0.6981016993522644,-0.99931168556213379,2.7161479732029647e-09,-2.7766093868564212e-09,0.037097945809364319
71,36.957186585527623,-122.05807393103871,44.822986602783203,0.63002938032150269,0.4211651086807251,0,1749257017367249,0.71244019269943237,0.0092017948627471924,0.024542840197682381,0.70124322175979614,-0.99931168556213379,2.7161479732029647e-09,-2.7766093868564212e-09,0.037097945809364319
72,36.957166481528759,-122.05800690785773,45.847198486328125,0.63594609498977661,0.42318496108055115,0,1749257019370751,0.71168023347854614,0.0037809603381901979,0.02949276939034462,0.7018740177154541,-0.99931168556213379,2.7161479732029647e-09,-2.7766093868564212e-09,0.037097945809364319
73,36.957191797356629,-122.05791458518223,46.178531646728516,0.66175144910812378,0.42732545733451843,0,1749257021361262,0.71281367540359497,0.0014209914952516556,0.01598309725522995,0.70116990804672241,-0.99931168556213379,2.7161479732029647e-09,-2.7766093868564212e-09,0.037097945809364319
74,36.957199871833659,-122.05781961370649,46.158863067626953,0.62490290403366089,0.42270901799201965,0,1749257023364173,0.70924246311187744,0.0064726811833679676,0.019851459190249443,0.70465534925460815,-0.99931168556213379,2.7161479732029647e-09,-2.7766093868564212e-09,0.037097945809364319
75,36.957230953181885,-122.05773563727992,46.347312927246094,0.61455398797988892,0.41938844323158264,0,1749257025368159,0.97294753789901733,-0.19145657122135162,-0.034292511641979218,0.12466556578874588,-0.99931168556213379,2.7161479732029647e-09,-2.7766093868564212e-09,0.037097945809364319
76,36.957272099699317,-122.05775354105872,46.689414978027344,0.62572729587554932,0.42012107372283936,0,1749257027360537,0.64388597011566162,-0.11912345886230469,-0.08437599241733551,-0.75106662511825562,-0.99931168556213379,2.7161479732029647e-09,-2.7766093868564212e-09,0.037097945809364319
77,36.957264226897976,-122.05782798855537,47.419288635253906,0.62557756900787354,0.42102867364883423,0,1749257029363572,0.64403748512268066,-0.092078849673271179,-0.062713630497455597,-0.75683832168579102,-0.99931168556213379,2.7161479732029647e-09,-2.7766093868564212e-09,0.037097945809364319
78,36.957239080023584,-122.0579253108818,47.981575012207031,0.63603562116622925,0.42385071516036987,0,1749257031366508,0.64636313915252686,-0.094115927815437317,-0.05562153086066246,-0.7551577091217041,-0.99931168556213379,2.7161479732029647e-09,-2.7766093868564212e-09,0.037097945809364319
79,36.957231147513809,-122.05802413034675,47.862934112548828,0.65209472179412842,0.42430511116981506,0,1749257033369845,0.64459270238876343,-0.088466569781303406,-0.056748267263174057,-0.75726711750030518,-0.99931168556213379,2.7161479732029647e-09,-2.7766093868564212e-09,0.037097945809364319
80,36.957219745588453,-122.05812514342068,47.825759887695312,0.66124051809310913,0.42602682113647461,0,1749257035372540,0.64732271432876587,-0.075253874063491821,-0.042737234383821487,-0.75728714466094971,-0.99931168556213379,2.7161479732029647e-09,-2.7766093868564212e-09,0.037097945809364319
81,36.957204605680275,-122.0582243497872,47.787101745605469,0.67054802179336548,0.42702284455299377,0,1749257037363893,0.64684379100799561,-0.068876765668392181,-0.047699671238660812,-0.75800645351409912,-0.99931168556213379,2.7161479732029647e-09,-2.7766093868564212e-09,0.037097945809364319
82,36.957194216650969,-122.05827916456035,48.04083251953125,0.67794609069824219,0.42811682820320129,0,1749257039367713,0.64750725030899048,-0.017966242507100105,-0.0044630398042500019,-0.76183450222015381,-0.99931168556213379,2.7161479732029647e-09,-2.7766093868564212e-09,0.037097945809364319
83,36.957193807872443,-122.05830013193886,48.227977752685547,0.67101186513900757,0.42673987150192261,0,1749257041370674,0.63887155055999756,-0.11836901307106018,-0.088366024196147919,-0.75499898195266724,-0.99931168556213379,2.7161479732029647e-09,-2.7766093868564212e-09,0.037097945809364319
84,36.957221257759777,-122.05834423729998,47.449752807617188,0.68065935373306274,0.42739996314048767,0,1749257043373725,0.99024319648742676,0.13368873298168182,0.038769446313381195,-0.0065452414564788342,-0.99931168556213379,2.7161479732029647e-09,-2.7766093868564212e-09,0.037097945809364319
85,36.957243919161122,-122.05830659084651,46.856784820556641,0.66421836614608765,0.42537173628807068,0,1749257045365788,0.68582797050476074,-0.019364668056368828,0.039238426834344864,0.72644716501235962,-0.99931168556213379,2.7161479732029647e-09,-2.7766093868564212e-09,0.037097945809364319
86,36.957243076724943,-122.05825368594141,46.912647247314453,0.63316428661346436,0.42027848958969116,0,1749257047368945,0.68331462144851685,0.011260433122515678,0.01546616293489933,0.72987335920333862,-0.99931168556213379,2.7161479732029647e-09,-2.7766093868564212e-09,0.037097945809364319
87,36.957241207137578,-122.05818582139948,47.209312438964844,0.61308449506759644,0.4152260422706604,0,1749257049359571,0.68298405408859253,0.0043572173453867435,0.02649216540157795,0.72993975877761841,-0.99931168556213379,2.7161479732029647e-09,-2.7766093868564212e-09,0.037097945809364319
88,36.957240618395218,-122.058109784838,47.451343536376953,0.60509932041168213,0.41270285844802856,0,1749257051373908,0.68187695741653442,0.0046898368746042252,0.023968841880559921,0.73105913400650024,-0.99931168556213379,2.7161479732029647e-09,-2.7766093868564212e-09,0.037097945809364319
89,36.957237186340379,-122.05803211428106,47.560676574707031,0.59797358512878418,0.40928119421005249,0,1749257053364658,0.68070375919342041,-0.0022172692697495222,0.026414541527628899,0.73207908868789673,-0.99931168556213379,2.7161479732029647e-09,-2.7766093868564212e-09,0.037097945809364319
90,36.957231966438769,-122.05796115434508,47.693504333496094,0.58896535634994507,0.40373966097831726,0,1749257055366990,0.67926228046417236,0.0049459738656878471,0.01889156736433506,0.73363584280014038,-0.99931168556213379,2.7161479732029647e-09,-2.7766093868564212e-09,0.037097945809364319
91,36.957227368971935,-122.05788729774672,47.721424102783203,0.58142423629760742,0.40149137377738953,0,1749257057371075,0.68188899755477905,0.0087588522583246231,0.017225069925189018,0.7312004566192627,-0.99931168556213379,2.7161479732029647e-09,-2.7766093868564212e-09,0.037097945809364319
92,36.957222749823913,-122.05780250069233,47.532302856445312,0.57574641704559326,0.39927095174789429,0,1749257059362925,0.69207966327667236,-0.027497967705130577,-0.0029915675986558199,0.72129106521606445,-0.99931168556213379,2.7161479732029647e-09,-2.7766093868564212e-09,0.037097945809364319
93,36.957257531106762,-122.05774724973358,47.060161590576172,0.59662431478500366,0.40203407406806946,0,1749257061366456,0.95223134756088257,-0.21403670310974121,0.023707594722509384,-0.21652194857597351,-0.99931168556213379,2.7161479732029647e-09,-2.7766093868564212e-09,0.037097945809364319
94,36.957270213972819,-122.05779111722585,46.881412506103516,0.61277979612350464,0.40717214345932007,0,1749257063370256,0.71058279275894165,-0.071469150483608246,-0.067914426326751709,-0.69667208194732666,-0.99931168556213379,2.7161479732029647e-09,-2.7766093868564212e-09,0.037097945809364319
95,36.957259627446071,-122.05786665195713,47.095344543457031,0.62980997562408447,0.41301244497299194,0,1749257065372467,0.71142345666885376,-0.070393823087215424,-0.043933141976594925,-0.69784766435623169,-0.99931168556213379,2.7161479732029647e-09,-2.7766093868564212e-09,0.037097945809364319
96,36.957254903136374,-122.05793324536192,47.494205474853516,0.615680992603302,0.41279929876327515,0,1749257067364040,0.7136191725730896,-0.075850948691368103,-0.058804474771022797,-0.69392824172973633,-0.99931168556213379,2.7161479732029647e-09,-2.7766093868564212e-09,0.037097945809364319
97,36.957257086609673,-122.05800041210098,47.4332275390625,0.61456555128097534,0.41353678703308105,0,1749257069368485,0.7146649956703186,-0.079953864216804504,-0.053586792200803757,-0.69281297922134399,-0.99931168556213379,2.7161479732029647e-09,-2.7766093868564212e-09,0.037097945809364319
98,36.957258493831588,-122.05808168583395,47.044952392578125,0.61988151073455811,0.41483050584793091,0,1749257071371948,0.71463257074356079,-0.071169964969158173,-0.048022426664829254,-0.69421106576919556,-0.99931168556213379,2.7161479732029647e-09,-2.7766093868564212e-09,0.037097945809364319
99,36.957252286264442,-122.05816151075993,46.646282196044922,0.63117402791976929,0.41639217734336853,0,1749257073362940,0.65695571899414062,-0.054773971438407898,-0.049465123564004898,-0.75030809640884399,-0.99931168556213379,2.7161479732029647e-09,-2.7766093868564212e-09,0.037097945809364319
100,36.95725194169016,-122.05824116841656,46.381446838378906,0.63930541276931763,0.41846111416816711,0,1749257075364936,0.71499818563461304,-0.064853712916374207,-0.033743701875209808,-0.69529348611831665,-0.99931168556213379,2.7161479732029647e-09,-2.7766093868564212e-09,0.037097945809364319
101,36.957259142518097,-122.05832065223137,46.107391357421875,0.64013195037841797,0.41646194458007812,0,1749257077368759,0.71367311477661133,-0.066412709653377533,-0.048187017440795898,-0.69565659761428833,-0.99931168556213379,2.7161479732029647e-09,-2.7766093868564212e-09,0.037097945809364319
102,36.957283255868525,-122.05838453383075,46.020534515380859,0.64341831207275391,0.41721567511558533,0,1749257079359468,0.98132699728012085,0.15703204274177551,-0.009814336895942688,-0.11064404249191284,-0.99931168556213379,2.7161479732029647e-09,-2.7766093868564212e-09,0.037097945809364319
103,36.957326630618049,-122.05833530869683,45.618022918701172,0.65450167655944824,0.42102375626564026,0,1749257081373334,0.75104254484176636,0.0026741439942270517,0.042559362947940826,0.65887528657913208,-0.99931168556213379,2.7161479732029647e-09,-2.7766093868564212e-09,0.037097945809364319
104,36.957337376931513,-122.05825922967053,45.469001770019531,0.6268957257270813,0.418163001537323,0,1749257083364513,0.74243146181106567,-0.013350670225918293,0.0082512684166431427,0.66973817348480225,-0.99931168556213379,2.7161479732029647e-09,-2.7766093868564212e-09,0.037097945809364319
105,36.957345762324145,-122.05818821130462,45.59674072265625,0.60579818487167358,0.41439375281333923,0,1749257085366907,0.74351733922958374,-0.013897590339183807,0.0064451154321432114,0.66854113340377808,-0.99931168556213379,2.7161479732029647e-09,-2.7766093868564212e-09,0.037097945809364319
106,36.95735716641807,-122.05811247958768,45.778709411621094,0.59270930290222168,0.41085511445999146,0,1749257087358374,0.74362796545028687,0.0030583615880459547,0.017472809180617332,0.66835838556289673,-0.99931168556213379,2.7161479732029647e-09,-2.7766093868564212e-09,0.037097945809364319
107,36.957366477717592,-122.05802902216361,45.975498199462891,0.58692270517349243,0.40900680422782898,0,1749257089363143,0.72687160968780518,0.0029116126243025064,0.0036063781008124352,0.68675780296325684,-0.99931168556213379,2.7161479732029647e-09,-2.7766093868564212e-09,0.037097945809364319
108,36.957373033774637,-122.05794488569995,46.030891418457031,0.58304613828659058,0.40764257311820984,0,1749257091367058,0.73079168796539307,-0.0129183204844594,0.020956883206963539,0.68215656280517578,-0.99931168556213379,2.7161479732029647e-09,-2.7766093868564212e-09,0.037097945809364319
109,36.957378119735544,-122.05786935332864,46.106784820556641,0.58062851428985596,0.40669927000999451,0,1749257093371014,0.72997838258743286,-0.0084075210615992546,0.030266249552369118,0.68274796009063721,-0.99931168556213379,2.7161479732029647e-09,-2.7766093868564212e-09,0.037097945809364319
110,36.957381962492249,-122.05780033187411,46.136314392089844,0.57455068826675415,0.40558964014053345,0,1749257095373630,0.73124593496322632,-0.009302348829805851,0.01504574716091156,0.68188458681106567,-0.99931168556213379,2.7161479732029647e-09,-2.7766093868564212e-09,0.037097945809364319
111,36.957383664835874,-122.05774090114323,46.071998596191406,0.56857061386108398,0.40383195877075195,0,1749257097365626,0.77330189943313599,-0.083325803279876709,-0.047200921922922134,0.62676405906677246,-0.99931168556213379,2.7161479732029647e-09,-2.7766093868564212e-09,0.037097945809364319
112,36.957409861425262,-122.05773135647942,45.810310363769531,0.59210777282714844,0.40459993481636047,0,1749257099369504,0.85939133167266846,-0.14755569398403168,0.059376813471317291,-0.48595097661018372,-0.99931168556213379,2.7161479732029647e-09,-2.7766093868564212e-09,0.037097945809364319
113,36.957418390464213,-122.05777773063524,45.605289459228516,0.58763986825942993,0.40582031011581421,0,1749257101371691,0.73970711231231689,-0.055864911526441574,-0.02669239416718483,-0.6700747013092041,-0.99931168556213379,2.7161479732029647e-09,-2.7766093868564212e-09,0.037097945809364319
114,36.957423338652454,-122.05782228947733,45.531887054443359,0.5914495587348938,0.40785130858421326,0,1749257103363374,0.7136116623878479,-0.056010246276855469,-0.031572766602039337,-0.69758474826812744,-0.99931168556213379,2.7161479732029647e-09,-2.7766093868564212e-09,0.037097945809364319
115,36.957431715893463,-122.05787348202767,45.517162322998047,0.59762132167816162,0.40991038084030151,0,1749257105366196,0.71234643459320068,-0.061050143092870712,-0.047139320522546768,-0.69757682085037231,-0.99931168556213379,2.7161479732029647e-09,-2.7766093868564212e-09,0.037097945809364319
116,36.957457697604475,-122.05792345432974,44.794906616210938,0.60152339935302734,0.41165333986282349,0,1749257107368901,0.71124863624572754,-0.055191680788993835,-0.054327342659235001,-0.69866150617599487,-0.99931168556213379,2.7161479732029647e-09,-2.7766093868564212e-09,0.037097945809364319
117,36.95746512864573,-122.0579808848525,44.265605926513672,0.60476112365722656,0.41276314854621887,0,1749257109372374,0.71644061803817749,-0.052754864096641541,-0.041220765560865402,-0.69442838430404663,-0.99931168556213379,2.7161479732029647e-09,-2.7766093868564212e-09,0.037097945809364319
118,36.957468239017381,-122.05803230449577,43.574920654296875,0.6040109395980835,0.41291683912277222,0,1749257111375065,0.71341210603713989,-0.067311778664588928,-0.048031765967607498,-0.69584858417510986,-0.99931168556213379,2.7161479732029647e-09,-2.7766093868564212e-09,0.037097945809364319
119,36.957464393013304,-122.05809336963341,43.223270416259766,0.61029738187789917,0.41347277164459229,0,1749257113366337,0.71384978294372559,-0.066579647362232208,-0.016859389841556549,-0.69692283868789673,-0.99931168556213379,2.7161479732029647e-09,-2.7766093868564212e-09,0.037097945809364319
120,36.957458626101264,-122.05816389563955,43.174739837646484,0.61309719085693359,0.4144207239151001,0,1749257115368994,0.65279829502105713,-0.078423760831356049,-0.025014251470565796,-0.75304615497589111,-0.99931168556213379,2.7161479732029647e-09,-2.7766093868564212e-09,0.037097945809364319
121,36.957460339082552,-122.05822496244635,42.674442291259766,0.62741255760192871,0.41705325245857239,0,1749257117360800,0.64874750375747681,-0.068556122481822968,-0.034186143428087234,-0.75713813304901123,-0.99931168556213379,2.7161479732029647e-09,-2.7766093868564212e-09,0.037097945809364319
122,36.95744801186509,-122.05829948936338,42.627353668212891,0.6313401460647583,0.41576942801475525,0,1749257119364053,0.64927923679351807,-0.049009952694177628,-0.025215785950422287,-0.75855040550231934,-0.99931168556213379,2.7161479732029647e-09,-2.7766093868564212e-09,0.037097945809364319
123,36.957431643341096,-122.05837403978097,42.874954223632812,0.63337278366088867,0.41696521639823914,0,1749257121367024,0.65053856372833252,-0.046765204519033432,-0.034902561455965042,-0.75722813606262207,-0.99931168556213379,2.7161479732029647e-09,-2.7766093868564212e-09,0.037097945809364319
124,36.957416831155228,-122.05845468758066,43.029003143310547,0.634665846824646,0.41770580410957336,0,1749257123369163,0.64621812105178833,-0.066369235515594482,-0.055810283869504929,-0.75821000337600708,-0.99931168556213379,2.7161479732029647e-09,-2.7766093868564212e-09,0.037097945809364319
125,36.957405167107268,-122.05852039772158,43.169761657714844,0.6372644305229187,0.41850975155830383,0,1749257125373847,0.5933411717414856,-0.11516084522008896,0.015966035425662994,-0.79651075601577759,-0.99931168556213379,2.7161479732029647e-09,-2.7766093868564212e-09,0.037097945809364319
126,36.9573664694746,-122.05852927732948,43.384849548339844,0.64503222703933716,0.41946440935134888,0,1749257127366301,-0.38614183664321899,0.043707605451345444,0.073391824960708618,-0.91847586631774902,-0.99931168556213379,2.7161479732029647e-09,-2.7766093868564212e-09,0.037097945809364319
127,36.957351213947916,-122.05847576012391,43.192935943603516,0.63144612312316895,0.41908317804336548,0,1749257129369551,-0.72967886924743652,0.015419526025652885,-0.019197572022676468,-0.68334650993347168,-0.99931168556213379,2.7161479732029647e-09,-2.7766093868564212e-09,0.037097945809364319
128,36.95735483991885,-122.05841065266513,43.172351837158203,0.61486095190048218,0.41590145230293274,0,1749257131361371,-0.72836339473724365,0.013667402788996696,-0.011727314442396164,-0.68495446443557739,-0.99931168556213379,2.7161479732029647e-09,-2.7766093868564212e-09,0.037097945809364319
129,36.957358740549921,-122.05834370656432,43.478183746337891,0.60565775632858276,0.41393521428108215,0,1749257133375365,-0.72771930694580078,0.010606137104332447,-0.012736106291413307,-0.68567484617233276,-0.99931168556213379,2.7161479732029647e-09,-2.7766093868564212e-09,0.037097945809364319
130,36.957362415647466,-122.05827709732566,43.757347106933594,0.5987362265586853,0.41139253973960876,0,1749257135365822,-0.72501128911972046,0.010088339447975159,-0.0070332600735127926,-0.68862724304199219,-0.99931168556213379,2.7161479732029647e-09,-2.7766093868564212e-09,0.037097945809364319
131,36.957363589898094,-122.05820809367438,44.268024444580078,0.59455704689025879,0.41005650162696838,0,1749257137368158,-0.72608792781829834,0.0073282611556351185,-0.01491604745388031,-0.68740105628967285,-0.99931168556213379,2.7161479732029647e-09,-2.7766093868564212e-09,0.037097945809364319
132,36.957366944585132,-122.05813620763661,44.846912384033203,0.58832049369812012,0.4058479368686676,0,1749257139371639,-0.72444480657577515,0.010609169490635395,-0.023576952517032623,-0.68884789943695068,-0.99931168556213379,2.7161479732029647e-09,-2.7766093868564212e-09,0.037097945809364319
133,36.957364272865448,-122.05808260932857,44.526283264160156,0.58792394399642944,0.40528997778892517,0,1749257141374253,-0.72442448139190674,0.073422886431217194,-0.078593842685222626,-0.6809120774269104,-0.99931168556213379,2.7161479732029647e-09,-2.7766093868564212e-09,0.037097945809364319
134,36.957363903025652,-122.05808355354701,43.92425537109375,0.59584158658981323,0.40712803602218628,0,1749257143389175,-0.73038053512573242,0.013050287961959839,-0.032923538237810135,-0.68212175369262695,-0.99931168556213379,2.7161479732029647e-09,-2.7766093868564212e-09,0.037097945809364319
135,36.957362248824161,-122.05808615608787,43.231662750244141,0.59365379810333252,0.40673336386680603,0,1749257145368082,-0.72900837659835815,0.0043198377825319767,-0.018475381657481194,-0.68424177169799805,-0.99931168556213379,2.7161479732029647e-09,-2.7766093868564212e-09,0.037097945809364319
136,36.957362387251464,-122.05807881062013,42.439979553222656,0.58386451005935669,0.40590643882751465,0,1749257147370941,-0.72327077388763428,0.025536857545375824,-0.02256368100643158,-0.68972331285476685,-0.99931168556213379,2.7161479732029647e-09,-2.7766093868564212e-09,0.037097945809364319
137,36.957363397397124,-122.05807656257316,41.556232452392578,0.57544082403182983,0.40408217906951904,0,1749257149361584,-0.72676992416381836,-0.030380720272660255,-0.007212719414383173,-0.68617093563079834,-0.99931168556213379,2.7161479732029647e-09,-2.7766093868564212e-09,0.037097945809364319
138,36.957362178676235,-122.05804524741603,40.949993133544922,0.57438802719116211,0.40439456701278687,0,1749257151364970,-0.72870337963104248,-0.049639113247394562,0.04995863139629364,-0.6811985969543457,-0.99931168556213379,2.7161479732029647e-09,-2.7766093868564212e-09,0.037097945809364319
139,36.957380546254292,-122.05795573956738,40.508865356445312,0.58826261758804321,0.40771418809890747,0,1749257153367874,-0.72882312536239624,-0.022626005113124847,0.022119468078017235,-0.68397057056427002,-0.99931168556213379,2.7161479732029647e-09,-2.7766093868564212e-09,0.037097945809364319
140,36.957365550354091,-122.05786441780555,39.887107849121094,0.62408047914505005,0.41490593552589417,0,1749257155370162,-0.72759860754013062,-0.018907696008682251,-0.0091178780421614647,-0.68568187952041626,-0.99931168556213379,2.7161479732029647e-09,-2.7766093868564212e-09,0.037097945809364319
141,36.957360589415288,-122.05776978804855,39.931129455566406,0.59750568866729736,0.41295540332794189,0,1749257157360713,-0.67192113399505615,-0.10595747083425522,-0.087857000529766083,-0.72771990299224854,-0.99931168556213379,2.7161479732029647e-09,-2.7766093868564212e-09,0.037097945809364319
142,36.957317851626698,-122.05771389180309,39.944583892822266,0.58717787265777588,0.41199806332588196,0,1749257159363677,0.091836817562580109,0.009774169884622097,-0.20819880068302155,-0.97371649742126465,-0.99931168556213379,2.7161479732029647e-09,-2.7766093868564212e-09,0.037097945809364319
143,36.957289979183024,-122.05776049019597,39.844924926757812,0.61529779434204102,0.41451719403266907,0,1749257161367482,0.71487033367156982,0.056538265198469162,0.06216275691986084,-0.69418990612030029,-0.99931168556213379,2.7161479732029647e-09,-2.7766093868564212e-09,0.037097945809364319
144,36.957282969553695,-122.05781576725096,39.536979675292969,0.60675156116485596,0.41375666856765747,0,1749257163370490,0.72905874252319336,0.035768862813711166,0.06164725124835968,-0.68073022365570068,-0.99931168556213379,2.7161479732029647e-09,-2.7766093868564212e-09,0.037097945809364319
145,36.957278188272781,-122.05787476415236,39.702457427978516,0.60143643617630005,0.41179811954498291,0,1749257165360855,0.72720295190811157,-0.079896934330463409,-0.047195836901664734,-0.68012124300003052,-0.99931168556213379,2.7161479732029647e-09,-2.7766093868564212e-09,0.037097945809364319
146,36.957278857270879,-122.05795811823538,40.743251800537109,0.59863960742950439,0.41064938902854919,0,1749257167365229,0.72808998823165894,-0.058073375374078751,-0.056902974843978882,-0.68064284324645996,-0.99931168556213379,2.7161479732029647e-09,-2.7766093868564212e-09,0.037097945809364319
147,36.957281937424334,-122.0580566198546,41.313121795654297,0.59883522987365723,0.41011857986450195,0,1749257169367944,0.73076266050338745,-0.04848877340555191,-0.036895085126161575,-0.67990708351135254,-0.99931168556213379,2.7161479732029647e-09,-2.7766093868564212e-09,0.037097945809364319
148,36.957287131688496,-122.05814394646333,41.13336181640625,0.60092151165008545,0.41011336445808411,0,1749257171370107,0.7330736517906189,-0.04949226975440979,-0.023003336042165756,-0.67795604467391968,-0.99931168556213379,2.7161479732029647e-09,-2.7766093868564212e-09,0.037097945809364319
149,36.957295276248054,-122.05821506348632,40.967514038085938,0.60684269666671753,0.41031700372695923,0,1749257173361116,0.73359459638595581,-0.0049804286099970341,0.029103102162480354,-0.67894572019577026,-0.99931168556213379,2.7161479732029647e-09,-2.7766093868564212e-09,0.037097945809364319
150,36.95730165767548,-122.05827121920545,41.111587524414062,0.61378812789916992,0.41248425841331482,0,1749257175375887,0.7277376651763916,-0.060927141457796097,-0.02557670883834362,-0.68266510963439941,-0.99931168556213379,2.7161479732029647e-09,-2.7766093868564212e-09,0.037097945809364319
151,36.957309162198712,-122.05832296302012,41.285678863525391,0.61341160535812378,0.41278755664825439,0,1749257177368072,0.72556388378143311,-0.06699005514383316,-0.041222013533115387,-0.68364471197128296,-0.99931168556213379,2.7161479732029647e-09,-2.7766093868564212e-09,0.037097945809364319
152,36.957310049370214,-122.05840737683897,41.915134429931641,0.62234187126159668,0.41493263840675354,0,1749257179370775,0.72114843130111694,-0.11186913400888443,-0.086852148175239563,-0.67814970016479492,-0.99931168556213379,2.7161479732029647e-09,-2.7766093868564212e-09,0.037097945809364319
153,36.957315313744758,-122.05853942583899,42.686592102050781,0.63676309585571289,0.41547977924346924,0,1749257181373864,0.74026632308959961,-0.084886439144611359,-0.070348270237445831,-0.66321283578872681,0.9996790885925293,-1.0227123148354167e-08,5.8073018616155991e-10,0.02533411793410778
154,36.957285383809918,-122.05862865676944,43.687427520751953,0.66472941637039185,0.41932272911071777,0,1749257183365906,-0.3051668107509613,-0.041890133172273636,0.25987929105758667,-0.91519463062286377,0.9996790885925293,-1.0227123148354167e-08,5.8073018616155991e-10,0.02533411793410778
155,36.957250784895763,-122.05857175897003,43.803329467773438,0.65425205230712891,0.42256671190261841,0,1749257185370167,-0.58259421586990356,0.020000450313091278,-0.025637630373239517,-0.81211262941360474,0.9996790885925293,-1.0227123148354167e-08,5.8073018616155991e-10,0.02533411793410778
156,36.95723302201209,-122.05849403171742,43.170909881591797,0.62658405303955078,0.41915574669837952,0,1749257187361976,-0.58187222480773926,0.016383424401283264,-0.034615382552146912,-0.81237798929214478,0.9996790885925293,-1.0227123148354167e-08,5.8073018616155991e-10,0.02533411793410778
157,36.957233939022409,-122.05842660479998,42.625007629394531,0.61921507120132446,0.4178292453289032,0,1749257189376170,-0.65895247459411621,0.0085763661190867424,-0.030437720939517021,-0.75151956081390381,0.9996790885925293,-1.0227123148354167e-08,5.8073018616155991e-10,0.02533411793410778
158,36.957233182200085,-122.0583744652634,42.440189361572266,0.60581475496292114,0.41369208693504333,0,1749257191367297,-0.66829144954681396,0.0070914849638938904,-0.033716000616550446,-0.74310135841369629,0.9996790885925293,-1.0227123148354167e-08,5.8073018616155991e-10,0.02533411793410778
159,36.957234359158043,-122.05832347764029,42.591102600097656,0.60053867101669312,0.4111764132976532,0,1749257193370365,-0.67160826921463013,-0.0097818979993462563,-0.023297309875488281,-0.74047553539276123,0.9996790885925293,-1.0227123148354167e-08,5.8073018616155991e-10,0.02533411793410778
160,36.957231636388677,-122.05826770369762,42.815155029296875,0.58928096294403076,0.40758094191551208,0,1749257195361543,-0.66958922147750854,-0.0056382734328508377,-0.02204669825732708,-0.74238300323486328,0.9996790885925293,-1.0227123148354167e-08,5.8073018616155991e-10,0.02533411793410778
161,36.95722907422244,-122.05820347058308,42.964565277099609,0.58719825744628906,0.40677279233932495,0,1749257197376307,-0.66830182075500488,-0.0021287007257342339,-0.028091864660382271,-0.74335664510726929,0.9996790885925293,-1.0227123148354167e-08,5.8073018616155991e-10,0.02533411793410778
162,36.957228676153541,-122.05813104123123,43.084114074707031,0.58679980039596558,0.40583634376525879,0,1749257199368362,-0.67006391286849976,-0.007944127544760704,-0.024981722235679626,-0.7418404221534729,0.9996790885925293,-1.0227123148354167e-08,5.8073018616155991e-10,0.02533411793410778
163,36.957227199699474,-122.05805130610317,43.235328674316406,0.58539390563964844,0.40572020411491394,0,1749257201371154,-0.67040103673934937,0.0022839007433503866,-0.030710199847817421,-0.74135971069335938,0.9996790885925293,-1.0227123148354167e-08,5.8073018616155991e-10,0.02533411793410778
164,36.957228166711282,-122.05797244272918,43.144439697265625,0.58443272113800049,0.40319302678108215,0,1749257203373816,-0.69589120149612427,0.020087849348783493,-0.0089354086667299271,-0.71781069040298462,0.9996790885925293,-1.0227123148354167e-08,5.8073018616155991e-10,0.02533411793410778
165,36.957235018346424,-122.05790275047738,42.887996673583984,0.58751130104064941,0.40364760160446167,0,1749257205365525,-0.75993621349334717,0.014655083417892456,-0.014612410217523575,-0.64966827630996704,0.9996790885925293,-1.0227123148354167e-08,5.8073018616155991e-10,0.02533411793410778
166,36.957248489781755,-122.05783592167994,42.76177978515625,0.59242123365402222,0.40534168481826782,0,1749257207367884,-0.76481765508651733,0.0077295857481658459,-0.017831716686487198,-0.64395374059677124,0.9996790885925293,-1.0227123148354167e-08,5.8073018616155991e-10,0.02533411793410778
167,36.957260848868827,-122.05776845273297,42.922607421875,0.59046953916549683,0.40619903802871704,0,1749257209370462,-0.76475578546524048,0.0081308828666806221,-0.014205759391188622,-0.64411246776580811,0.9996790885925293,-1.0227123148354167e-08,5.8073018616155991e-10,0.02533411793410778
168,36.957246799225196,-122.05771572149411,43.139022827148438,0.58456504344940186,0.4059002697467804,0,1749257211373112,0.096736349165439606,-0.029918709769845009,-0.19512014091014862,-0.97553837299346924,0.9996790885925293,-1.0227123148354167e-08,5.8073018616155991e-10,0.02533411793410778
169,36.957232972814161,-122.05775549170515,43.730545043945312,0.61547791957855225,0.41139876842498779,0,1749257213376256,0.81552577018737793,-0.10639195889234543,-0.0054407911375164986,-0.56883126497268677,0.9996790885925293,-1.0227123148354167e-08,5.8073018616155991e-10,0.02533411793410778
170,36.957223497901985,-122.0578069150524,43.722442626953125,0.62844640016555786,0.41523757576942444,0,1749257215367887,0.62431252002716064,-0.053642343729734421,-0.052250895649194717,-0.77757722139358521,0.9996790885925293,-1.0227123148354167e-08,5.8073018616155991e-10,0.02533411793410778
171,36.95720791382498,-122.05785727391213,43.659721374511719,0.63557446002960205,0.41878697276115417,0,1749257217369564,0.63169175386428833,-0.07111523300409317,-0.032593782991170883,-0.77126246690750122,0.9996790885925293,-1.0227123148354167e-08,5.8073018616155991e-10,0.02533411793410778
172,36.957194540162554,-122.05790962259866,43.143344879150391,0.6347232460975647,0.41998445987701416,0,1749257219360695,0.62997466325759888,-0.062400497496128082,-0.041600663214921951,-0.77298617362976074,0.9996790885925293,-1.0227123148354167e-08,5.8073018616155991e-10,0.02533411793410778
173,36.957181378310366,-122.05796365128745,42.893310546875,0.64140623807907104,0.4225405752658844,0,1749257221375065,0.63057613372802734,-0.057267710566520691,-0.038479197770357132,-0.77305477857589722,0.9996790885925293,-1.0227123148354167e-08,5.8073018616155991e-10,0.02533411793410778
174,36.957170072162171,-122.05801747445513,42.863441467285156,0.6423574686050415,0.42272153496742249,0,1749257223366099,0.63129782676696777,-0.047000374644994736,-0.028059305623173714,-0.77360630035400391,0.9996790885925293,-1.0227123148354167e-08,5.8073018616155991e-10,0.02533411793410778
175,36.957159853098204,-122.05805997294149,42.946628570556641,0.644997239112854,0.42005467414855957,0,1749257225369519,0.63095813989639282,-0.052732165902853012,-0.038804300129413605,-0.77304941415786743,0.9996790885925293,-1.0227123148354167e-08,5.8073018616155991e-10,0.02533411793410778
176,36.957152284378523,-122.05810126957601,43.102748870849609,0.64819508790969849,0.42002761363983154,0,1749257227361085,0.63016980886459351,-0.056734416633844376,-0.034460607916116714,-0.77361476421356201,0.9996790885925293,-1.0227123148354167e-08,5.8073018616155991e-10,0.02533411793410778
177,36.957143514901048,-122.05814680906613,43.274700164794922,0.64545488357543945,0.42057785391807556,0,1749257229376251,0.6302223801612854,-0.063337557017803192,-0.042736172676086426,-0.77264595031738281,0.9996790885925293,-1.0227123148354167e-08,5.8073018616155991e-10,0.02533411793410778
178,36.957132049543439,-122.0581868752233,43.280185699462891,0.6283644437789917,0.41767728328704834,0,1749257231367142,0.63211774826049805,-0.046066030859947205,-0.027077088132500648,-0.77302789688110352,0.9996790885925293,-1.0227123148354167e-08,5.8073018616155991e-10,0.02533411793410778
179,36.95712808275627,-122.05822698561227,43.230144500732422,0.62159436941146851,0.41568949818611145,0,1749257233369943,0.63322722911834717,-0.048529133200645447,-0.033484339714050293,-0.7717168927192688,0.9996790885925293,-1.0227123148354167e-08,5.8073018616155991e-10,0.02533411793410778
180,36.957122842597038,-122.05826537078143,43.528877258300781,0.62951940298080444,0.41661778092384338,0,1749257235373535,0.63136160373687744,-0.038766492158174515,-0.027693044394254684,-0.77402383089065552,0.9996790885925293,-1.0227123148354167e-08,5.8073018616155991e-10,0.02533411793410778
181,36.957116129689247,-122.0583066810165,43.869831085205078,0.62826460599899292,0.41616636514663696,0,1749257237364037,0.62786394357681274,-0.044539466500282288,-0.028514474630355835,-0.77652442455291748,0.9996790885925293,-1.0227123148354167e-08,5.8073018616155991e-10,0.02533411793410778
182,36.957108374475283,-122.05834704507066,44.212238311767578,0.62968885898590088,0.41649585962295532,0,1749257239367159,0.62985312938690186,-0.048789374530315399,-0.033380892127752304,-0.77446138858795166,0.9996790885925293,-1.0227123148354167e-08,5.8073018616155991e-10,0.02533411793410778
183,36.957101036698944,-122.05838329675004,44.453838348388672,0.63081812858581543,0.41700419783592224,0,1749257241369554,0.62661826610565186,-0.053989022970199585,-0.028804529458284378,-0.7769203782081604,0.9996790885925293,-1.0227123148354167e-08,5.8073018616155991e-10,0.02533411793410778
184,36.957091233359009,-122.05841956451904,44.726608276367188,0.6221013069152832,0.41592773795127869,0,1749257243372447,0.6269068717956543,-0.054711386561393738,-0.035030517727136612,-0.77638095617294312,0.9996790885925293,-1.0227123148354167e-08,5.8073018616155991e-10,0.02533411793410778
185,36.957077012145561,-122.05844907064613,44.9822998046875,0.6185457706451416,0.41457605361938477,0,1749257245363514,-0.0035499467048794031,-0.02386556938290596,0.07947549968957901,-0.99654483795166016,0.9996790885925293,-1.0227123148354167e-08,5.8073018616155991e-10,0.02533411793410778
186,36.957063127186721,-122.05841547510494,45.198486328125,0.62009739875793457,0.41251096129417419,0,1749257247366652,-0.62014776468276978,0.031044768169522285,-0.015435871668159962,-0.78371858596801758,0.9996790885925293,-1.0227123148354167e-08,5.8073018616155991e-10,0.02533411793410778
187,36.95706933632146,-122.05837805706558,44.561809539794922,0.61278623342514038,0.4120972752571106,0,1749257249369262,-0.70814621448516846,-0.0049649584107100964,-0.017451321706175804,-0.70583271980285645,0.9996790885925293,-1.0227123148354167e-08,5.8073018616155991e-10,0.02533411793410778
188,36.957074433053926,-122.05833713668612,43.771800994873047,0.59826302528381348,0.40992596745491028,0,1749257251371651,-0.70373904705047607,-0.0083686402067542076,-0.027191527187824249,-0.70988869667053223,0.9996790885925293,-1.0227123148354167e-08,5.8073018616155991e-10,0.02533411793410778
189,36.957074113514693,-122.05828138260715,43.702247619628906,0.58448880910873413,0.4067395031452179,0,1749257253362522,-0.7026597261428833,-0.010444654151797295,-0.026705536991357803,-0.71094805002212524,0.9996790885925293,-1.0227123148354167e-08,5.8073018616155991e-10,0.02533411793410778
190,36.957072375505255,-122.05822714432075,43.522785186767578,0.57670676708221436,0.4050062894821167,0,1749257255377729,-0.70097988843917847,-0.0031268363818526268,-0.022940134629607201,-0.71280521154403687,0.9996790885925293,-1.0227123148354167e-08,5.8073018616155991e-10,0.02533411793410778
191,36.95706927521541,-122.05817327688135,43.250637054443359,0.57163578271865845,0.40305015444755554,0,1749257257369755,-0.7029222846031189,-0.00065937871113419533,-0.021472342312335968,-0.71094220876693726,0.9996790885925293,-1.0227123148354167e-08,5.8073018616155991e-10,0.02533411793410778
192,36.957067446213088,-122.05812178547919,42.629894256591797,0.57499253749847412,0.40339642763137817,0,1749257259372437,-0.70520001649856567,-0.010465886443853378,-0.0082970485091209412,-0.70888268947601318,0.9996790885925293,-1.0227123148354167e-08,5.8073018616155991e-10,0.02533411793410778
193,36.957065808029164,-122.05805769987177,42.259330749511719,0.57135802507400513,0.40249162912368774,0,1749257261363618,-0.70184290409088135,-0.0029857121407985687,-0.0092262132093310356,-0.71226578950881958,0.9996790885925293,-1.0227123148354167e-08,5.8073018616155991e-10,0.02533411793410778
194,36.957067173254892,-122.05798613428354,41.940963745117188,0.57030963897705078,0.40269675850868225,0,1749257263366687,-0.70246970653533936,-0.0038271639496088028,-0.012699718587100506,-0.71159011125564575,0.9996790885925293,-1.0227123148354167e-08,5.8073018616155991e-10,0.02533411793410778
195,36.957065936994638,-122.05791286767705,41.448875427246094,0.5693364143371582,0.40291443467140198,0,1749257265369255,-0.70457851886749268,-0.0053907139226794243,-0.015096161514520645,-0.70944494009017944,0.9996790885925293,-1.0227123148354167e-08,5.8073018616155991e-10,0.02533411793410778
196,36.957051126025895,-122.05783450675757,40.833953857421875,0.56683206558227539,0.40011793375015259,0,1749257267373488,-0.25183895230293274,-0.053562439978122711,-0.18556679785251617,-0.94830024242401123,0.9996790885925293,-1.0227123148354167e-08,5.8073018616155991e-10,0.02533411793410778
197,36.95702142733974,-122.05784858330478,40.061458587646484,0.5924077033996582,0.4037289023399353,0,1749257269364399,0.87317019701004028,0.045799735933542252,-0.084592752158641815,-0.4778287410736084,0.9996790885925293,-1.0227123148354167e-08,5.8073018616155991e-10,0.02533411793410778
198,36.957052775443906,-122.05788536284416,39.0360107421875,0.59792852401733398,0.40744015574455261,0,1749257271368084,0.97392851114273071,-0.13788618147373199,-0.0087496545165777206,-0.17992794513702393,0.9996790885925293,-1.0227123148354167e-08,5.8073018616155991e-10,0.02533411793410778
199,36.957093217661054,-122.05793033538436,38.464752197265625,0.58137869834899902,0.40726977586746216,0,1749257273371117,0.96109974384307861,-0.049462560564279556,-0.047080598771572113,-0.26762691140174866,0.9996790885925293,-1.0227123148354167e-08,5.8073018616155991e-10,0.02533411793410778
200,36.957151149176696,-122.05797886060701,38.453353881835938,0.56466430425643921,0.4054071307182312,0,1749257275374253,0.95902073383331299,-0.071502149105072021,-0.047836713492870331,-0.26996001601219177,0.9996790885925293,-1.0227123148354167e-08,5.8073018616155991e-10,0.02533411793410778
201,36.957224074968778,-122.05803707456796,38.594982147216797,0.55571168661117554,0.40388193726539612,0,1749257277377314,0.96118146181106567,-0.059036534279584885,-0.031283818185329437,-0.26770570874214172,0.9996790885925293,-1.0227123148354167e-08,5.8073018616155991e-10,0.02533411793410778
202,36.957265905705718,-122.05806012945096,38.347415924072266,0.55425679683685303,0.40328022837638855,0,1749257279367928,0.96126461029052734,-0.04779801145195961,0.031863652169704437,-0.26957449316978455,0.9996790885925293,-1.0227123148354167e-08,5.8073018616155991e-10,0.02533411793410778
203,36.957271951738548,-122.05805428124167,37.937400817871094,0.5635448694229126,0.40580520033836365,0,1749257281370938,0.95908457040786743,-0.087770849466323853,0.023957522585988045,-0.26810312271118164,0.9996790885925293,-1.0227123148354167e-08,5.8073018616155991e-10,0.02533411793410778
204,36.957273872755536,-122.05803235373945,38.233329772949219,0.56693542003631592,0.4078158438205719,0,1749257283374263,0.96015703678131104,-0.079324327409267426,0.024438634514808655,-0.26684993505477905,0.9996790885925293,-1.0227123148354167e-08,5.8073018616155991e-10,0.02533411793410778
205,36.957268442007766,-122.05802446004809,38.821014404296875,0.57061874866485596,0.40982437133789062,0,1749257285377231,0.96035856008529663,-0.064535051584243774,0.013266723603010178,-0.27087023854255676,0.9996790885925293,-1.0227123148354167e-08,5.8073018616155991e-10,0.02533411793410778
206,36.957264344343187,-122.05802218819306,39.353679656982422,0.56198239326477051,0.40621635317802429,0,1749257287370515,0.95983940362930298,-0.045506656169891357,0.0075771701522171497,-0.27673119306564331,0.9996790885925293,-1.0227123148354167e-08,5.8073018616155991e-10,0.02533411793410778
207,36.957261579515809,-122.05801953573584,39.866085052490234,0.54535400867462158,0.40338811278343201,0,1749257289373402,0.96005898714065552,-0.060900494456291199,0.0034973311703652143,-0.27306714653968811,0.9996790885925293,-1.0227123148354167e-08,5.8073018616155991e-10,0.02533411793410778
208,36.957258570457206,-122.05802211870528,40.234638214111328,0.53463888168334961,0.40015131235122681,0,1749257291365437,0.95944947004318237,-0.051184773445129395,0.0075792274437844753,-0.27709105610847473,0.9996790885925293,-1.0227123148354167e-08,5.8073018616155991e-10,0.02533411793410778
209,36.957258213805233,-122.05802269657056,40.692775726318359,0.52232235670089722,0.39633813500404358,0,1749257293368099,0.96079397201538086,-0.044291689991950989,-0.0064459634013473988,-0.27362695336341858,0.9996790885925293,-1.0227123148354167e-08,5.8073018616155991e-10,0.02533411793410778
210,36.957262947023104,-122.05801640626493,41.290634155273438,0.53460484743118286,0.39792603254318237,0,1749257295370696,0.97219318151473999,-0.069241516292095184,0.012372298166155815,-0.22336749732494354,0.9996790885925293,-1.0227123148354167e-08,5.8073018616155991e-10,0.02533411793410778
211,36.957265120160535,-122.05801264204169,42.347911834716797,0.53553301095962524,0.39852458238601685,0,1749257297373510,0.94592911005020142,-0.019276900216937065,-0.016534145921468735,0.32337790727615356,0.9996790885925293,-1.0227123148354167e-08,5.8073018616155991e-10,0.02533411793410778
212,36.957269979601662,-122.05800477976619,43.028842926025391,0.52946794033050537,0.39780113101005554,0,1749257299375807,0.37965098023414612,0.010162301361560822,0.047775745391845703,0.9238395094871521,0.99999886751174927,1.5959648047569885e-09,-1.5912995365852112e-08,-0.0015284385299310088
213,36.957264497286936,-122.05800995786056,43.090961456298828,0.52601534128189087,0.39587077498435974,0,1749257301378862,-0.37190094590187073,0.16257712244987488,0.083493500947952271,0.91010290384292603,0.99999886751174927,1.5959648047569885e-09,-1.5912995365852112e-08,-0.0015284385299310088
214,36.957223902773869,-122.05805848350708,43.377605438232422,0.55717694759368896,0.39930269122123718,0,1749257303370441,-0.47345834970474243,0.040589019656181335,0.15527781844139099,0.86607086658477783,0.99999886751174927,1.5959648047569885e-09,-1.5912995365852112e-08,-0.0015284385299310088
215,36.957190602720786,-122.05816064367976,43.350887298583984,0.58319950103759766,0.40519845485687256,0,1749257305372963,-0.56879723072052002,0.072666697204113007,0.048567503690719604,0.81782066822052002,0.99999886751174927,1.5959648047569885e-09,-1.5912995365852112e-08,-0.0015284385299310088
216,36.95717062991892,-122.05825685873624,43.187767028808594,0.60413092374801636,0.41114526987075806,0,1749257307365129,-0.65708637237548828,-0.14901675283908844,-0.1546967476606369,0.72256523370742798,0.99999886751174927,1.5959648047569885e-09,-1.5912995365852112e-08,-0.0015284385299310088
217,36.957167393719374,-122.05826649528095,43.154422760009766,0.6157526969909668,0.41186919808387756,0,1749257309368055,-0.67395865917205811,0.028942396864295006,0.011951500549912453,0.7381051778793335,0.99999886751174927,1.5959648047569885e-09,-1.5912995365852112e-08,-0.0015284385299310088
218,36.957165505612693,-122.05825933664637,42.679901123046875,0.61452251672744751,0.41225579380989075,0,1749257311371299,-0.67649435997009277,0.04522402212023735,0.025665983557701111,0.73460972309112549,0.99999886751174927,1.5959648047569885e-09,-1.5912995365852112e-08,-0.0015284385299310088
219,36.957168169710144,-122.05826162835635,42.387489318847656,0.60857093334197998,0.41142866015434265,0,1749257313372817,-0.6771317720413208,0.016419164836406708,0.046727653592824936,0.73419320583343506,0.99999886751174927,1.5959648047569885e-09,-1.5912995365852112e-08,-0.0015284385299310088
220,36.957170408216996,-122.0582667675811,42.281929016113281,0.60474914312362671,0.41000699996948242,0,1749257315364804,-0.67784839868545532,0.033889025449752808,0.02097589522600174,0.73412072658538818,0.99999886751174927,1.5959648047569885e-09,-1.5912995365852112e-08,-0.0015284385299310088
221,36.957170878854697,-122.0582648629309,42.020664215087891,0.60880738496780396,0.41081887483596802,0,1749257317380409,-0.67622846364974976,0.033129420131444931,0.017692169174551964,0.73573404550552368,0.99999886751174927,1.5959648047569885e-09,-1.5912995365852112e-08,-0.0015284385299310088
222,36.957175072464814,-122.05826294463841,41.842296600341797,0.60771560668945312,0.41009160876274109,0,1749257319372187,-0.67703157663345337,0.036031316965818405,0.020008208230137825,0.7347990870475769,0.99999886751174927,1.5959648047569885e-09,-1.5912995365852112e-08,-0.0015284385299310088
223,36.957179928236684,-122.05826359839548,41.654209136962891,0.60141754150390625,0.40842744708061218,0,1749257321365347,-0.67522376775741577,0.05675133690237999,0.0078799882903695107,0.73538434505462646,0.99999886751174927,1.5959648047569885e-09,-1.5912995365852112e-08,-0.0015284385299310088
224,36.957182337482287,-122.05826545821188,41.452682495117188,0.5962902307510376,0.40742698311805725,0,1749257323368437,-0.675456702709198,0.03472544252872467,0.024480639025568962,0.73617464303970337,0.99999886751174927,1.5959648047569885e-09,-1.5912995365852112e-08,-0.0015284385299310088
225,36.957181895047064,-122.05826053319076,41.266769409179688,0.59461480379104614,0.40691924095153809,0,1749257325371567,-0.67472934722900391,0.043897934257984161,0.01133369654417038,0.73667150735855103,0.99999886751174927,1.5959648047569885e-09,-1.5912995365852112e-08,-0.0015284385299310088
226,36.957180921688256,-122.05825040045031,41.471187591552734,0.58779269456863403,0.40585494041442871,0,1749257327374943,-0.67367899417877197,0.045711826533079147,0.020748533308506012,0.73731714487075806,0.99999886751174927,1.5959648047569885e-09,-1.5912995365852112e-08,-0.0015284385299310088
227,36.957181806696703,-122.05825031909298,41.3297119140625,0.58651894330978394,0.40572282671928406,0,1749257329365715,-0.67431545257568359,0.03852405771613121,0.020405495539307594,0.73715555667877197,0.99999886751174927,1.5959648047569885e-09,-1.5912995365852112e-08,-0.0015284385299310088
228,36.957185332405096,-122.05825497716019,40.877002716064453,0.59358775615692139,0.40496146678924561,0,1749257331369300,-0.67708158493041992,0.048987295478582382,0.016109377145767212,0.73409897089004517,0.99999886751174927,1.5959648047569885e-09,-1.5912995365852112e-08,-0.0015284385299310088
229,36.957181757853036,-122.05825545391617,39.844738006591797,0.58946335315704346,0.40541782975196838,0,1749257333371903,-0.67335295677185059,0.056841015815734863,0.022073728963732719,0.73680233955383301,0.99999886751174927,1.5959648047569885e-09,-1.5912995365852112e-08,-0.0015284385299310088
230,36.957180140149831,-122.05825392088832,38.816848754882812,0.58514136075973511,0.40534687042236328,0,1749257335375474,-0.67210465669631958,-0.011358864605426788,-0.04640825092792511,0.73891317844390869,0.99999886751174927,1.5959648047569885e-09,-1.5912995365852112e-08,-0.0015284385299310088
231,36.957183046406797,-122.05820585695534,38.034175872802734,0.58954036235809326,0.40655568242073059,0,1749257337377780,-0.67517125606536865,0.011343939229846001,-0.031126493588089943,0.73691672086715698,0.99999886751174927,1.5959648047569885e-09,-1.5912995365852112e-08,-0.0015284385299310088
232,36.957189762180874,-122.05813121221534,37.65850830078125,0.581889808177948,0.40527433156967163,0,1749257339368936,-0.66126376390457153,0.17885030806064606,0.12707780301570892,0.71735215187072754,0.99999886751174927,1.5959648047569885e-09,-1.5912995365852112e-08,-0.0015284385299310088
233,36.957193243935592,-122.05811020256594,33.948101043701172,0.57188987731933594,0.40329685807228088,0,1749257341371372,-0.66217547655105591,0.037496056407690048,0.015292477793991566,0.74825388193130493,0.99999886751174927,1.5959648047569885e-09,-1.5912995365852112e-08,-0.0015284385299310088
234,36.957191342122549,-122.05810993623832,26.634605407714844,0.55474352836608887,0.39890703558921814,0,1749257343374953,-0.66044682264328003,0.031034566462039948,-0.01008200366050005,0.75016355514526367,0.99999886751174927,1.5959648047569885e-09,-1.5912995365852112e-08,-0.0015284385299310088
235,36.957190778628849,-122.05811162306817,20.548192977905273,0.5453457236289978,0.39537402987480164,0,1749257345377337,-0.65940886735916138,0.0048251873813569546,0.05167810246348381,0.74999076128005981,0.99999886751174927,1.5959648047569885e-09,-1.5912995365852112e-08,-0.0015284385299310088
236,36.957190572571882,-122.05811218418297,14.625991821289062,0.53964948654174805,0.39240199327468872,0,1749257347368697,-0.65685290098190308,0.037511199712753296,0.055079787969589233,0.75106817483901978,0.99999886751174927,1.5959648047569885e-09,-1.5912995365852112e-08,-0.0015284385299310088
237,36.957191322206874,-122.05811136476535,12.953632354736328,0.54385435581207275,0.39196664094924927,0,1749257349371760,-0.66062599420547485,0.0053157689981162548,-0.00091593514662235975,0.75069588422775269,0.99999886751174927,1.5959648047569885e-09,-1.5912995365852112e-08,-0.0015284385299310088
238,36.957192692056772,-122.05811117153436,11.997499465942383,0.53938663005828857,0.38811177015304565,0,1749257351373984,-0.66466826200485229,0.014952153898775578,-0.0080905472859740257,0.74694526195526123,0.99999886751174927,1.5959648047569885e-09,-1.5912995365852112e-08,-0.0015284385299310088
239,36.957196194530432,-122.05811034243757,11.816677093505859,0.54564404487609863,0.38861817121505737,0,1749257353376571,-0.65732294321060181,0.017199315130710602,-0.01678069680929184,0.75322592258453369,0.99999886751174927,1.5959648047569885e-09,-1.5912995365852112e-08,-0.0015284385299310088
240,36.957196204910439,-122.05811128416488,11.328886032104492,0.53132647275924683,0.38565897941589355,0,1749257355368222,-0.65850788354873657,0.018413180485367775,-0.021835796535015106,0.75203168392181396,0.99999886751174927,1.5959648047569885e-09,-1.5912995365852112e-08,-0.0015284385299310088
241,36.957197361079253,-122.05811238627675,11.047286987304688,0.52184444665908813,0.38328364491462708,0,1749257357371686,-0.65745216608047485,0.024683199822902679,0.0015814292710274458,0.75309032201766968,0.99999886751174927,1.5959648047569885e-09,-1.5912995365852112e-08,-0.0015284385299310088
242,36.957196377959072,-122.05811081957972,11.334961891174316,0.51498597860336304,0.38076946139335632,0,1749257359374772,-0.65549004077911377,0.03464970737695694,0.017989804968237877,0.75419408082962036,0.99999886751174927,1.5959648047569885e-09,-1.5912995365852112e-08,-0.0015284385299310088
243,36.95719502971847,-122.05810915613941,11.677774429321289,0.50415098667144775,0.37761196494102478,0,1749257361377245,-0.65379226207733154,0.035278927534818649,0.019152268767356873,0.75560849905014038,0.99999886751174927,1.5959648047569885e-09,-1.5912995365852112e-08,-0.0015284385299310088
